##### Table of Contents  

[UNet2 with regularization = 0.0005](#headers)
<a name="headers"/>
#### UNet2 with regularization = 0.0005



| Low Dose Image          | Unet2  python              | Unet2 matlab                        |
| ----------------------- | -------------------------- | ----------------------------------- |
| **test** sparseview_60  | --- Average PSNR 32.21 --- | Avg PSNR: 30.66	Avg SSIM: 0.8389 |
| **train** sparseview_60 | --- Average PSNR 32.23 --- |                                     |
|                         |                            |                                     |

Epoch 0: Avg PSNR: 24.38415157900164

Epoch 1: Avg PSNR: 25.395835451962935

Epoch 2: Avg PSNR: 26.562666757526706

Epoch 3: Avg PSNR: 27.275801424624266

Epoch 4: Avg PSNR: 26.261413217455694

Epoch 5: Avg PSNR: 27.31478486591925

6. Avg PSNR: 28.062642682423277
7. Avg PSNR: 27.69268699309252
8. Avg PSNR: 27.737666269802386
9. Avg PSNR: 29.264214827137696
10. Avg PSNR: 25.8235174658342
11. Avg PSNR: 28.12099577490654
12. Avg PSNR: 28.397603726365926
13. Avg PSNR: 30.108120395440377
14. Avg PSNR: 30.196900739815522
15. Avg PSNR: 30.028073171984744
16. Avg PSNR: 30.82795946495252
17. Avg PSNR: 30.329879121838943

18. Avg PSNR: 28.77559893762982
19. Avg PSNR: 30.661885142702694
20. Avg PSNR: 30.307811697093772
21. Avg PSNR: 31.03099619552075
22. Avg PSNR: 31.290409507533766
23. Avg PSNR: 29.473340283683328
24. Avg PSNR: 31.573118251003315
25. Avg PSNR: 31.463927637671482
26. Avg PSNR: 31.35686495190825
27. Avg PSNR: 30.592717680446135
28. Avg PSNR: 31.52465598750002
29. Avg PSNR: 31.32369562198778
30. Avg PSNR: 31.48818775793812
31. Avg PSNR: 31.248938603328142
32. Avg PSNR: 31.796952643689487
33. Avg PSNR: 31.570484165647443
34. Avg PSNR: 31.904341998426645
35. Avg PSNR: 31.613745967268073
36. Avg PSNR: 31.396597981388034
37. Avg PSNR: 31.929114638793937
38. Avg PSNR: 32.04521301438098
39. Avg PSNR: 32.03264787575039
40. Avg PSNR: 32.06351364129732
41. Avg PSNR: 32.05494831170699
42. Avg PSNR: 31.922227829608758
43. Avg PSNR: 31.91805312522267
44. Avg PSNR: 32.03897239643665
45. Avg PSNR: 32.16062773807069
46. Avg PSNR: 32.08516790384596
47. Avg PSNR: 32.2107007717616
48. Avg PSNR: 32.23649542438283
49. Avg PSNR: 32.214893649718846



```python
#view tensorboard
tensorboard --logdir=./logs
http://0.0.0.0:6006
     
# try to add a dropout to the network
dropout = tf.layers.dropout(
    inputs=dense, rate=0.4, training=mode == tf.estimator.ModeKeys.TRAIN)
```

##### PSNR per test image



```{python}
img0 PSNR: 35.72
img1 PSNR: 30.67
img2 PSNR: 35.43
img3 PSNR: 35.25
img4 PSNR: 30.25
img5 PSNR: 30.58
img6 PSNR: 35.61
img7 PSNR: 33.63
img8 PSNR: 32.93
img9 PSNR: 32.77
img10 PSNR: 30.68
img11 PSNR: 32.58
img12 PSNR: 28.79
img13 PSNR: 31.21
img14 PSNR: 31.22
img15 PSNR: 30.65
img16 PSNR: 29.74
img17 PSNR: 32.42
img18 PSNR: 32.05
img19 PSNR: 30.36
img20 PSNR: 31.75
img21 PSNR: 31.05
img22 PSNR: 30.44
img23 PSNR: 30.33
img24 PSNR: 32.69
img25 PSNR: 31.98
img26 PSNR: 31.87
img27 PSNR: 32.09
img28 PSNR: 31.95
img29 PSNR: 32.54
img30 PSNR: 31.24
img31 PSNR: 31.31
img32 PSNR: 31.09
img33 PSNR: 32.40
img34 PSNR: 32.06
img35 PSNR: 32.22
img36 PSNR: 31.42
img37 PSNR: 32.00
img38 PSNR: 30.93
img39 PSNR: 32.35
img40 PSNR: 31.70
img41 PSNR: 32.76
img42 PSNR: 33.95
img43 PSNR: 32.21
img44 PSNR: 32.19
img45 PSNR: 30.87
img46 PSNR: 31.78
img47 PSNR: 34.66
img48 PSNR: 30.68
img49 PSNR: 31.10
img50 PSNR: 34.35
img51 PSNR: 30.51
img52 PSNR: 31.79
img53 PSNR: 30.44
img54 PSNR: 30.48
img55 PSNR: 30.72
img56 PSNR: 31.69
img57 PSNR: 33.39
img58 PSNR: 32.84
img59 PSNR: 33.28
img60 PSNR: 32.86
img61 PSNR: 31.87
img62 PSNR: 31.66
img63 PSNR: 29.33
img64 PSNR: 35.05
img65 PSNR: 34.93
img66 PSNR: 29.64
img67 PSNR: 31.81
img68 PSNR: 35.30
img69 PSNR: 34.27
img70 PSNR: 33.28
img71 PSNR: 31.87
img72 PSNR: 32.93
img73 PSNR: 32.97
img74 PSNR: 29.76
img75 PSNR: 32.27
img76 PSNR: 30.48
img77 PSNR: 34.40
img78 PSNR: 33.99
img79 PSNR: 33.67
img80 PSNR: 32.35
img81 PSNR: 32.19
img82 PSNR: 30.86
img83 PSNR: 32.23
img84 PSNR: 30.43
img85 PSNR: 31.97
img86 PSNR: 34.47
img87 PSNR: 30.66
img88 PSNR: 34.73
img89 PSNR: 32.13
img90 PSNR: 32.16
img91 PSNR: 30.17
img92 PSNR: 34.38
img93 PSNR: 31.02
img94 PSNR: 30.82
img95 PSNR: 34.04
img96 PSNR: 30.11
img97 PSNR: 33.10
img98 PSNR: 31.64
img99 PSNR: 30.78
img100 PSNR: 31.88
img101 PSNR: 30.13
img102 PSNR: 31.77
img103 PSNR: 29.56
img104 PSNR: 32.28
img105 PSNR: 32.87
img106 PSNR: 33.44
img107 PSNR: 29.93
img108 PSNR: 31.71
img109 PSNR: 30.15
img110 PSNR: 29.62
img111 PSNR: 31.40
img112 PSNR: 30.85
img113 PSNR: 32.87
img114 PSNR: 30.08
img115 PSNR: 32.65
img116 PSNR: 31.20
img117 PSNR: 32.83
img118 PSNR: 31.52
img119 PSNR: 33.55
img120 PSNR: 33.87
img121 PSNR: 31.97
img122 PSNR: 34.72
img123 PSNR: 30.63
img124 PSNR: 32.15
img125 PSNR: 33.77
img126 PSNR: 32.63
img127 PSNR: 34.24
img128 PSNR: 31.10
img129 PSNR: 32.45
img130 PSNR: 30.11
img131 PSNR: 31.52
img132 PSNR: 30.72
img133 PSNR: 29.95
img134 PSNR: 33.91
img135 PSNR: 30.52
img136 PSNR: 31.74
img137 PSNR: 32.05
img138 PSNR: 31.00
img139 PSNR: 35.62
img140 PSNR: 32.31
img141 PSNR: 35.56
img142 PSNR: 32.15
img143 PSNR: 32.18
img144 PSNR: 32.17
img145 PSNR: 32.64
img146 PSNR: 32.09
img147 PSNR: 31.24
img148 PSNR: 30.37
img149 PSNR: 30.95
img150 PSNR: 30.92
img151 PSNR: 30.99
img152 PSNR: 29.75
img153 PSNR: 31.56
img154 PSNR: 30.74
img155 PSNR: 32.38
img156 PSNR: 31.30
img157 PSNR: 32.67
img158 PSNR: 31.34
img159 PSNR: 31.98
img160 PSNR: 31.43
img161 PSNR: 31.73
img162 PSNR: 30.82
img163 PSNR: 35.32
img164 PSNR: 30.97
img165 PSNR: 31.03
img166 PSNR: 31.87
img167 PSNR: 34.25
img168 PSNR: 30.95
img169 PSNR: 30.72
img170 PSNR: 30.21
img171 PSNR: 30.83
img172 PSNR: 30.12
img173 PSNR: 31.08
img174 PSNR: 30.62
img175 PSNR: 32.07
img176 PSNR: 30.80
img177 PSNR: 30.64
img178 PSNR: 30.99
img179 PSNR: 29.73
img180 PSNR: 31.91
img181 PSNR: 31.94
img182 PSNR: 31.64
img183 PSNR: 30.71
img184 PSNR: 31.52
img185 PSNR: 31.32
img186 PSNR: 31.05
img187 PSNR: 30.84
img188 PSNR: 30.50
img189 PSNR: 31.21
img190 PSNR: 30.79
img191 PSNR: 31.37
img192 PSNR: 31.56
img193 PSNR: 32.70
img194 PSNR: 30.93
img195 PSNR: 31.80
img196 PSNR: 29.11
img197 PSNR: 31.08
img198 PSNR: 31.64
img199 PSNR: 30.96
img200 PSNR: 33.24
img201 PSNR: 31.89
img202 PSNR: 34.99
img203 PSNR: 35.31
img204 PSNR: 31.67
img205 PSNR: 34.00
img206 PSNR: 33.23
img207 PSNR: 31.25
img208 PSNR: 33.73
img209 PSNR: 36.10
img210 PSNR: 33.68
img211 PSNR: 31.15
img212 PSNR: 28.99
img213 PSNR: 34.51
img214 PSNR: 31.55
img215 PSNR: 29.75
img216 PSNR: 33.07
img217 PSNR: 33.01
img218 PSNR: 31.54
img219 PSNR: 35.43
img220 PSNR: 32.20
img221 PSNR: 30.50
img222 PSNR: 30.98
img223 PSNR: 30.37
img224 PSNR: 35.68
img225 PSNR: 31.13
img226 PSNR: 30.98
img227 PSNR: 29.53
img228 PSNR: 31.30
img229 PSNR: 34.96
img230 PSNR: 32.36
img231 PSNR: 34.78
img232 PSNR: 32.67
img233 PSNR: 34.33
img234 PSNR: 32.61
img235 PSNR: 31.77
img236 PSNR: 31.52
img237 PSNR: 30.86
img238 PSNR: 31.32
img239 PSNR: 32.45
img240 PSNR: 31.54
img241 PSNR: 31.71
img242 PSNR: 33.88
img243 PSNR: 32.10
img244 PSNR: 31.67
img245 PSNR: 31.96
img246 PSNR: 32.25
img247 PSNR: 30.50
img248 PSNR: 32.65
img249 PSNR: 30.62
img250 PSNR: 32.05
img251 PSNR: 34.84
img252 PSNR: 32.23
img253 PSNR: 35.00
img254 PSNR: 31.51
img255 PSNR: 29.39
img256 PSNR: 31.79
img257 PSNR: 33.04
img258 PSNR: 32.43
img259 PSNR: 31.17
img260 PSNR: 33.11
img261 PSNR: 29.85
img262 PSNR: 30.53
img263 PSNR: 31.79
img264 PSNR: 30.16
img265 PSNR: 32.63
img266 PSNR: 33.63
img267 PSNR: 34.78
img268 PSNR: 31.95
img269 PSNR: 36.26
img270 PSNR: 33.22
img271 PSNR: 36.87
img272 PSNR: 33.45
img273 PSNR: 33.77
img274 PSNR: 30.50
img275 PSNR: 32.21
img276 PSNR: 31.31
img277 PSNR: 31.23
img278 PSNR: 34.54
img279 PSNR: 32.38
img280 PSNR: 31.55
img281 PSNR: 32.09
img282 PSNR: 31.84
img283 PSNR: 31.58
img284 PSNR: 31.27
img285 PSNR: 30.01
img286 PSNR: 29.71
img287 PSNR: 30.13
img288 PSNR: 30.56
img289 PSNR: 30.47
img290 PSNR: 32.03
img291 PSNR: 31.23
img292 PSNR: 34.10
img293 PSNR: 34.09
img294 PSNR: 32.76
img295 PSNR: 31.25
img296 PSNR: 30.56
img297 PSNR: 31.97
img298 PSNR: 31.62
img299 PSNR: 35.40
img300 PSNR: 34.29
img301 PSNR: 36.81
img302 PSNR: 35.14
img303 PSNR: 37.70
img304 PSNR: 34.15
img305 PSNR: 34.20
img306 PSNR: 35.13
img307 PSNR: 33.01
img308 PSNR: 35.84
img309 PSNR: 33.23
img310 PSNR: 34.05
img311 PSNR: 34.26
img312 PSNR: 37.20
img313 PSNR: 36.83
img314 PSNR: 34.07
img315 PSNR: 34.31
img316 PSNR: 35.82
img317 PSNR: 31.06
img318 PSNR: 31.71
img319 PSNR: 31.25
img320 PSNR: 30.87
img321 PSNR: 35.44
img322 PSNR: 36.29
img323 PSNR: 35.87
img324 PSNR: 34.78
img325 PSNR: 35.65
img326 PSNR: 31.17
img327 PSNR: 31.04
img328 PSNR: 31.68
img329 PSNR: 32.04
img330 PSNR: 33.41
img331 PSNR: 30.44
img332 PSNR: 32.29
img333 PSNR: 33.78
img334 PSNR: 33.80
img335 PSNR: 31.67
img336 PSNR: 30.82
img337 PSNR: 31.99
img338 PSNR: 32.22
img339 PSNR: 33.87
img340 PSNR: 34.10
img341 PSNR: 32.65
img342 PSNR: 30.44
img343 PSNR: 33.27
img344 PSNR: 33.10
img345 PSNR: 31.75
img346 PSNR: 30.36
img347 PSNR: 33.28
img348 PSNR: 31.07
img349 PSNR: 33.05
img350 PSNR: 30.02
img351 PSNR: 32.48
img352 PSNR: 33.09
img353 PSNR: 33.81
--- Average PSNR 32.21 ---
(myenv) [npovey@ka unet2]$ 


```



#####Future work

1. Try to add a drop out rate.
2. Try to add more image augmentation

#####Some outputs to observe the loss

```{python}
Avg PSNR: 32.23649542438283
[*] Saving model...
Epoch: 49/50	Loss: 0.753143310546875

Epoch: 49/50	Loss: 0.7512304782867432

Epoch: 49/50	Loss: 0.7529077529907227

Epoch: 49/50	Loss: 0.751570463180542

Epoch: 49/50	Loss: 0.7497671842575073

Epoch: 49/50	Loss: 0.7485172152519226

Epoch: 49/50	Loss: 0.7495647668838501

Epoch: 49/50	Loss: 0.7486075162887573

Epoch: 49/50	Loss: 0.7622876167297363

Epoch: 49/50	Loss: 0.7617858052253723

Epoch: 49/50	Loss: 0.7710328102111816

Epoch: 49/50	Loss: 0.7687016129493713

Epoch: 49/50	Loss: 0.7588851451873779

Epoch: 49/50	Loss: 0.7559572458267212

Epoch: 49/50	Loss: 0.7648726105690002

Epoch: 49/50	Loss: 0.7619600296020508

Epoch: 49/50	Loss: 0.7633859515190125

Epoch: 49/50	Loss: 0.7627968192100525

Epoch: 49/50	Loss: 0.7638310790061951

Epoch: 49/50	Loss: 0.7632855772972107

Epoch: 49/50	Loss: 0.7629777789115906

Epoch: 49/50	Loss: 0.7617477774620056

Epoch: 49/50	Loss: 0.7620632648468018

Epoch: 49/50	Loss: 0.7602834701538086

Epoch: 49/50	Loss: 0.6807711124420166

Epoch: 49/50	Loss: 0.6783285737037659

Epoch: 49/50	Loss: 0.6751400828361511

Epoch: 49/50	Loss: 0.6737690567970276

Epoch: 49/50	Loss: 0.6752296090126038

Epoch: 49/50	Loss: 0.6742790341377258

Epoch: 49/50	Loss: 0.6812245845794678

Epoch: 49/50	Loss: 0.6785625219345093

Epoch: 49/50	Loss: 0.8526239991188049

Epoch: 49/50	Loss: 0.8498515486717224

Epoch: 49/50	Loss: 0.8511894345283508

Epoch: 49/50	Loss: 0.849047839641571

Epoch: 49/50	Loss: 0.8469440340995789

Epoch: 49/50	Loss: 0.8443336486816406

Epoch: 49/50	Loss: 0.846513032913208

Epoch: 49/50	Loss: 0.8428336977958679

Epoch: 49/50	Loss: 0.7826862931251526

Epoch: 49/50	Loss: 0.7835841178894043

Epoch: 49/50	Loss: 0.7769337296485901

Epoch: 49/50	Loss: 0.7729207873344421

Epoch: 49/50	Loss: 0.765323281288147

Epoch: 49/50	Loss: 0.7620169520378113

Epoch: 49/50	Loss: 0.7633819580078125

Epoch: 49/50	Loss: 0.7606959939002991

Epoch: 49/50	Loss: 0.7816656827926636

Epoch: 49/50	Loss: 0.7810827493667603

Epoch: 49/50	Loss: 0.7790468335151672

Epoch: 49/50	Loss: 0.7765741348266602

Epoch: 49/50	Loss: 0.7775034308433533

Epoch: 49/50	Loss: 0.7745749950408936

Epoch: 49/50	Loss: 0.7750732898712158

Epoch: 49/50	Loss: 0.7722952365875244

Epoch: 49/50	Loss: 0.7219150066375732

Epoch: 49/50	Loss: 0.7168850898742676

Epoch: 49/50	Loss: 0.7092388272285461

Epoch: 49/50	Loss: 0.7026829719543457

Epoch: 49/50	Loss: 0.7045881748199463

Epoch: 49/50	Loss: 0.7005240321159363

Epoch: 49/50	Loss: 0.6965080499649048

Epoch: 49/50	Loss: 0.6951906681060791

Epoch: 49/50	Loss: 0.7234797477722168

Epoch: 49/50	Loss: 0.7253584265708923

Epoch: 49/50	Loss: 0.7218901515007019

Epoch: 49/50	Loss: 0.7188503742218018

Epoch: 49/50	Loss: 0.7129862308502197

Epoch: 49/50	Loss: 0.7074726819992065

Epoch: 49/50	Loss: 0.7107713222503662

Epoch: 49/50	Loss: 0.7057951092720032

Epoch: 49/50	Loss: 0.6542407274246216

Epoch: 49/50	Loss: 0.6531047224998474

Epoch: 49/50	Loss: 0.6510738730430603

Epoch: 49/50	Loss: 0.6512342691421509

Epoch: 49/50	Loss: 0.6518658399581909

Epoch: 49/50	Loss: 0.6509116888046265

Epoch: 49/50	Loss: 0.6516000628471375

Epoch: 49/50	Loss: 0.649381697177887

Epoch: 49/50	Loss: 0.6928779482841492

Epoch: 49/50	Loss: 0.6912079453468323

Epoch: 49/50	Loss: 0.6890336871147156

Epoch: 49/50	Loss: 0.6873419880867004

Epoch: 49/50	Loss: 0.6816558241844177

Epoch: 49/50	Loss: 0.6807213425636292

Epoch: 49/50	Loss: 0.6886685490608215

Epoch: 49/50	Loss: 0.6875945925712585

Epoch: 49/50	Loss: 0.7286136746406555

Epoch: 49/50	Loss: 0.7265943288803101

Epoch: 49/50	Loss: 0.728384256362915

Epoch: 49/50	Loss: 0.7262600064277649

Epoch: 49/50	Loss: 0.7251164317131042

Epoch: 49/50	Loss: 0.723150908946991

Epoch: 49/50	Loss: 0.7256070971488953

Epoch: 49/50	Loss: 0.72329181432724

Epoch: 49/50	Loss: 0.7626737356185913

Epoch: 49/50	Loss: 0.7627110481262207

Epoch: 49/50	Loss: 0.7688060998916626

Epoch: 49/50	Loss: 0.7674886584281921

Epoch: 49/50	Loss: 0.7694128155708313

Epoch: 49/50	Loss: 0.7675637006759644

Epoch: 49/50	Loss: 0.7606315016746521

Epoch: 49/50	Loss: 0.7592965960502625

Epoch: 49/50	Loss: 0.7976225018501282

Epoch: 49/50	Loss: 0.7968891859054565

Epoch: 49/50	Loss: 0.7982081174850464

Epoch: 49/50	Loss: 0.7964347004890442

Epoch: 49/50	Loss: 0.791642427444458

Epoch: 49/50	Loss: 0.7891256213188171

Epoch: 49/50	Loss: 0.7924599051475525

Epoch: 49/50	Loss: 0.7904245853424072

Epoch: 49/50	Loss: 0.7233465313911438

Epoch: 49/50	Loss: 0.7211484909057617

Epoch: 49/50	Loss: 0.7226515412330627

Epoch: 49/50	Loss: 0.7171191573143005

Epoch: 49/50	Loss: 0.7129485607147217

Epoch: 49/50	Loss: 0.7083173990249634

Epoch: 49/50	Loss: 0.7047299742698669

Epoch: 49/50	Loss: 0.6993539333343506

Epoch: 49/50	Loss: 0.7256776690483093

Epoch: 49/50	Loss: 0.7253823280334473

Epoch: 49/50	Loss: 0.7265215516090393

Epoch: 49/50	Loss: 0.7271831631660461

Epoch: 49/50	Loss: 0.7271944880485535

Epoch: 49/50	Loss: 0.7247888445854187

Epoch: 49/50	Loss: 0.7256151437759399

Epoch: 49/50	Loss: 0.7220631837844849

Epoch: 49/50	Loss: 0.7247283458709717

Epoch: 49/50	Loss: 0.7226369976997375

Epoch: 49/50	Loss: 0.7208793759346008

Epoch: 49/50	Loss: 0.7179380655288696

Epoch: 49/50	Loss: 0.719165563583374

Epoch: 49/50	Loss: 0.7166025042533875

Epoch: 49/50	Loss: 0.7148057818412781

Epoch: 49/50	Loss: 0.7122969627380371

Epoch: 49/50	Loss: 0.7126814126968384

Epoch: 49/50	Loss: 0.7131519913673401

Epoch: 49/50	Loss: 0.7162741422653198

Epoch: 49/50	Loss: 0.7145159244537354

Epoch: 49/50	Loss: 0.7157548666000366

Epoch: 49/50	Loss: 0.7135865092277527

Epoch: 49/50	Loss: 0.7112478017807007

Epoch: 49/50	Loss: 0.7095381617546082

Epoch: 49/50	Loss: 0.7588104605674744

Epoch: 49/50	Loss: 0.7571834921836853

Epoch: 49/50	Loss: 0.7529377341270447

Epoch: 49/50	Loss: 0.7505359053611755

Epoch: 49/50	Loss: 0.7465037703514099

Epoch: 49/50	Loss: 0.7441352605819702

Epoch: 49/50	Loss: 0.746583104133606

Epoch: 49/50	Loss: 0.7448528409004211

Epoch: 49/50	Loss: 0.6980582475662231

Epoch: 49/50	Loss: 0.6972733736038208

Epoch: 49/50	Loss: 0.6969163417816162

Epoch: 49/50	Loss: 0.6945029497146606

Epoch: 49/50	Loss: 0.6924317479133606

Epoch: 49/50	Loss: 0.6907625198364258

Epoch: 49/50	Loss: 0.6922340393066406

Epoch: 49/50	Loss: 0.6901558637619019

Epoch: 49/50	Loss: 0.680182695388794

Epoch: 49/50	Loss: 0.6799397468566895

Epoch: 49/50	Loss: 0.6812626123428345

Epoch: 49/50	Loss: 0.6797142624855042

Epoch: 49/50	Loss: 0.674272894859314

Epoch: 49/50	Loss: 0.6718188524246216

Epoch: 49/50	Loss: 0.6743364334106445

Epoch: 49/50	Loss: 0.6714419722557068

Epoch: 49/50	Loss: 0.6806303262710571

Epoch: 49/50	Loss: 0.680908739566803

Epoch: 49/50	Loss: 0.6856151223182678

Epoch: 49/50	Loss: 0.685387909412384

Epoch: 49/50	Loss: 0.6859067678451538

Epoch: 49/50	Loss: 0.6847409009933472

Epoch: 49/50	Loss: 0.6849846243858337

Epoch: 49/50	Loss: 0.6829394698143005

Epoch: 49/50	Loss: 0.6703280210494995

Epoch: 49/50	Loss: 0.6698172092437744

Epoch: 49/50	Loss: 0.672295331954956

Epoch: 49/50	Loss: 0.672146201133728

Epoch: 49/50	Loss: 0.67656010389328

Epoch: 49/50	Loss: 0.6755169630050659

Epoch: 49/50	Loss: 0.6781904697418213

Epoch: 49/50	Loss: 0.6767324805259705

Epoch: 49/50	Loss: 0.7641853094100952

Epoch: 49/50	Loss: 0.7630305290222168

Epoch: 49/50	Loss: 0.7645902633666992

Epoch: 49/50	Loss: 0.7624137997627258

Epoch: 49/50	Loss: 0.7676639556884766

Epoch: 49/50	Loss: 0.7645927667617798

Epoch: 49/50	Loss: 0.7616169452667236

Epoch: 49/50	Loss: 0.759282648563385

Epoch: 49/50	Loss: 0.6659141778945923

Epoch: 49/50	Loss: 0.6651778221130371

Epoch: 49/50	Loss: 0.6634587645530701

Epoch: 49/50	Loss: 0.663152813911438

Epoch: 49/50	Loss: 0.6636584997177124

Epoch: 49/50	Loss: 0.6628018617630005

Epoch: 49/50	Loss: 0.6679266095161438

Epoch: 49/50	Loss: 0.6665684580802917

Epoch: 49/50	Loss: 0.7025879621505737

Epoch: 49/50	Loss: 0.7001581192016602

Epoch: 49/50	Loss: 0.6941016316413879

Epoch: 49/50	Loss: 0.6889494061470032

Epoch: 49/50	Loss: 0.6812675595283508

Epoch: 49/50	Loss: 0.6771202683448792

Epoch: 49/50	Loss: 0.6807307600975037

Epoch: 49/50	Loss: 0.6781500577926636

Epoch: 49/50	Loss: 0.7839670181274414

Epoch: 49/50	Loss: 0.7826242446899414

Epoch: 49/50	Loss: 0.775296151638031

Epoch: 49/50	Loss: 0.774553656578064

Epoch: 49/50	Loss: 0.7810381054878235

Epoch: 49/50	Loss: 0.7796877026557922

Epoch: 49/50	Loss: 0.772510826587677

Epoch: 49/50	Loss: 0.7674192190170288

Epoch: 49/50	Loss: 0.7450385093688965

Epoch: 49/50	Loss: 0.7413922548294067

Epoch: 49/50	Loss: 0.7411453723907471

Epoch: 49/50	Loss: 0.7420086860656738

Epoch: 49/50	Loss: 0.7422473430633545

Epoch: 49/50	Loss: 0.7412312626838684

Epoch: 49/50	Loss: 0.7429477572441101

Epoch: 49/50	Loss: 0.7388515472412109

Epoch: 49/50	Loss: 0.7174593210220337

Epoch: 49/50	Loss: 0.7179102301597595

Epoch: 49/50	Loss: 0.723753809928894

Epoch: 49/50	Loss: 0.721432626247406

Epoch: 49/50	Loss: 0.7146690487861633

Epoch: 49/50	Loss: 0.7107847929000854

Epoch: 49/50	Loss: 0.7126055359840393

Epoch: 49/50	Loss: 0.7120885252952576

Epoch: 49/50	Loss: 0.7175417542457581

Epoch: 49/50	Loss: 0.7164319157600403

Epoch: 49/50	Loss: 0.7131511569023132

Epoch: 49/50	Loss: 0.7106496095657349

Epoch: 49/50	Loss: 0.7084486484527588

Epoch: 49/50	Loss: 0.7084543108940125

Epoch: 49/50	Loss: 0.7135485410690308

Epoch: 49/50	Loss: 0.7106591463088989

Epoch: 49/50	Loss: 0.6925670504570007

Epoch: 49/50	Loss: 0.6917453408241272

Epoch: 49/50	Loss: 0.6919209957122803

Epoch: 49/50	Loss: 0.6914841532707214

Epoch: 49/50	Loss: 0.6961989402770996

Epoch: 49/50	Loss: 0.6951243877410889

Epoch: 49/50	Loss: 0.6887549757957458

Epoch: 49/50	Loss: 0.6874569654464722

Epoch: 49/50	Loss: 0.7243654727935791

Epoch: 49/50	Loss: 0.7234112620353699

Epoch: 49/50	Loss: 0.7267557978630066

Epoch: 49/50	Loss: 0.7247588038444519

Epoch: 49/50	Loss: 0.718643307685852

Epoch: 49/50	Loss: 0.716780424118042

Epoch: 49/50	Loss: 0.7222753763198853

Epoch: 49/50	Loss: 0.72129887342453

Epoch: 49/50	Loss: 0.6870208978652954

Epoch: 49/50	Loss: 0.686957061290741

Epoch: 49/50	Loss: 0.6895533800125122

Epoch: 49/50	Loss: 0.688845157623291

Epoch: 49/50	Loss: 0.6870419383049011

Epoch: 49/50	Loss: 0.6851189136505127

Epoch: 49/50	Loss: 0.6820785999298096

Epoch: 49/50	Loss: 0.6809437870979309

Epoch: 49/50	Loss: 0.6768343448638916

Epoch: 49/50	Loss: 0.6748763918876648

Epoch: 49/50	Loss: 0.6706976294517517

Epoch: 49/50	Loss: 0.668424665927887

Epoch: 49/50	Loss: 0.6626075506210327

Epoch: 49/50	Loss: 0.6609635949134827

Epoch: 49/50	Loss: 0.666339635848999

Epoch: 49/50	Loss: 0.6650273203849792

Epoch: 49/50	Loss: 0.7968698143959045

Epoch: 49/50	Loss: 0.7945030331611633

Epoch: 49/50	Loss: 0.7885110378265381

Epoch: 49/50	Loss: 0.7804898023605347

Epoch: 49/50	Loss: 0.7724671363830566

Epoch: 49/50	Loss: 0.7639356851577759

Epoch: 49/50	Loss: 0.766444981098175

Epoch: 49/50	Loss: 0.7604485750198364

Epoch: 49/50	Loss: 0.6656023263931274

Epoch: 49/50	Loss: 0.6696619987487793

Epoch: 49/50	Loss: 0.6654736995697021

Epoch: 49/50	Loss: 0.6662280559539795

Epoch: 49/50	Loss: 0.6737119555473328

Epoch: 49/50	Loss: 0.6709374189376831

Epoch: 49/50	Loss: 0.6650753021240234

Epoch: 49/50	Loss: 0.6607909202575684

Epoch: 49/50	Loss: 0.734761655330658

Epoch: 49/50	Loss: 0.7339345216751099

Epoch: 49/50	Loss: 0.7308593392372131

Epoch: 49/50	Loss: 0.7304982542991638

Epoch: 49/50	Loss: 0.7369921207427979

Epoch: 49/50	Loss: 0.7364498376846313

Epoch: 49/50	Loss: 0.7363221049308777

Epoch: 49/50	Loss: 0.7349616885185242

Epoch: 49/50	Loss: 0.7481549382209778

Epoch: 49/50	Loss: 0.7472236752510071

Epoch: 49/50	Loss: 0.7505615949630737

Epoch: 49/50	Loss: 0.7475103139877319

Epoch: 49/50	Loss: 0.7505459189414978

Epoch: 49/50	Loss: 0.7478840351104736

Epoch: 49/50	Loss: 0.7473365664482117

Epoch: 49/50	Loss: 0.7464181184768677

Epoch: 49/50	Loss: 0.6484607458114624

Epoch: 49/50	Loss: 0.6477804183959961

Epoch: 49/50	Loss: 0.6521607637405396

Epoch: 49/50	Loss: 0.6499925255775452

Epoch: 49/50	Loss: 0.649832546710968

Epoch: 49/50	Loss: 0.6461292505264282

Epoch: 49/50	Loss: 0.6462303400039673

Epoch: 49/50	Loss: 0.642072319984436

Epoch: 49/50	Loss: 0.6977031826972961

Epoch: 49/50	Loss: 0.6970034241676331

Epoch: 49/50	Loss: 0.6989392042160034

Epoch: 49/50	Loss: 0.6986276507377625

Epoch: 49/50	Loss: 0.6956941485404968

Epoch: 49/50	Loss: 0.6941333413124084

Epoch: 49/50	Loss: 0.6990538835525513

Epoch: 49/50	Loss: 0.6970089673995972

Epoch: 49/50	Loss: 0.6867579221725464

Epoch: 49/50	Loss: 0.6869152784347534

Epoch: 49/50	Loss: 0.6880629062652588

Epoch: 49/50	Loss: 0.6860933303833008

Epoch: 49/50	Loss: 0.6832162141799927

Epoch: 49/50	Loss: 0.680426299571991

Epoch: 49/50	Loss: 0.6821147203445435

Epoch: 49/50	Loss: 0.6797105073928833

Epoch: 49/50	Loss: 0.7023898363113403

Epoch: 49/50	Loss: 0.698652982711792

Epoch: 49/50	Loss: 0.6948105096817017

Epoch: 49/50	Loss: 0.6917030215263367

Epoch: 49/50	Loss: 0.6903636455535889

Epoch: 49/50	Loss: 0.688362181186676

Epoch: 49/50	Loss: 0.6882556080818176

Epoch: 49/50	Loss: 0.6866071224212646

Epoch: 49/50	Loss: 0.7596448659896851

Epoch: 49/50	Loss: 0.7588309049606323

Epoch: 49/50	Loss: 0.7556025385856628

Epoch: 49/50	Loss: 0.7497840523719788

Epoch: 49/50	Loss: 0.746548056602478

Epoch: 49/50	Loss: 0.7403432130813599

Epoch: 49/50	Loss: 0.7384398579597473

Epoch: 49/50	Loss: 0.7331342101097107

Epoch: 49/50	Loss: 0.696845293045044

Epoch: 49/50	Loss: 0.6966854929924011

Epoch: 49/50	Loss: 0.70003342628479

Epoch: 49/50	Loss: 0.7002290487289429

Epoch: 49/50	Loss: 0.6949573159217834

Epoch: 49/50	Loss: 0.693967878818512

Epoch: 
```



#### DnCNN vs. UNet Results

[TOC]

##### Original UNet

| Low Dose Image | DnCnn                               | Unet                                |
| -------------- | ----------------------------------- | ----------------------------------- |
| sparseview_60  | Avg PSNR: 32.30    Avg SSIM: 0.8560 | Avg PSNR: 31.18	Avg SSIM: 0.8497 |
| sparseview_90  | Avg PSNR: 35.13    Avg SSIM: 0.8892 | Avg PSNR: 34.38	Avg SSIM: 0.8888 |
| sparseview_180 | Avg PSNR: 39.77    Avg SSIM: 0.9341 | Avg PSNR: 39.15	Avg SSIM: 0.9279 |
| ldct_1e5       |                                     | Avg PSNR: 41.86	Avg SSIM: 0.9419 |
| ldct_2e5       |                                     | Avg PSNR: 42.35	Avg SSIM: 0.9441 |
| ldct_7e4       |                                     | Avg PSNR: 41.32	Avg SSIM: 0.9360 |



##### UNet2 without Regularization

| Low Dose Image | Unet2 (extra conv2D layer, without reg.) | Unet                                |
| -------------- | ---------------------------------------- | ----------------------------------- |
| sparseview_60  | Avg PSNR: 31.71	Avg SSIM: 0.8460      | Avg PSNR: 31.18	Avg SSIM: 0.8497 |
| sparseview_90  | Avg PSNR: 34.13	Avg SSIM: 0.8835      | Avg PSNR: 34.38	Avg SSIM: 0.8888 |
| sparseview_180 |                                          | Avg PSNR: 39.15	Avg SSIM: 0.9279 |
| ldct_1e5       |                                          | Avg PSNR: 41.86	Avg SSIM: 0.9419 |
| ldct_2e5       |                                          | Avg PSNR: 42.35	Avg SSIM: 0.9441 |
| ldct_7e4       |                                          | Avg PSNR: 41.32	Avg SSIM: 0.9360 |

   

##### UNet2 with Regularization = 0.0005

| Low Dose Image          | UNet2 (extra conv2D, reg =0.0005) | UNet2                               |
| ----------------------- | --------------------------------- | ----------------------------------- |
| **test** sparseview_60  | Average PSNR 32.21                | Avg PSNR: 30.66	Avg SSIM: 0.8389 |
| **train** sparseview_60 | Average PSNR 32.23                |                                     |



#####View a Tensorboard

```py
tensorboard --logdir=./logs
http://0.0.0.0:6006
```





##### UNet2 With Regularization = 0.001

| Low Dose Image          | UNet2  python              | UNet2 matlab                        |
| ----------------------- | -------------------------- | ----------------------------------- |
| sparseview_60 reg_0.001 | --- Average PSNR 33.03 --- | Avg PSNR: 31.77	Avg SSIM: 0.8583 |
|                         |                            |                                     |

